1001000 1100001 1110000 1110000 1111001 100000
1000100 1100101 1110110 1110011 100000 1100001
1101110 1100100 100000 1010100 1100101 1110011
1110100 1100101 1110010 1110011 11100010
10000000 10011001 100000 1000100 1100001 1111001
100001 100000 1011001 1101111 1110101 100000
1100001 1110010 1100101 100000 1100111 1110010
1100101 1100001 1110100 100000 1110000 1110010
1101111 1100110 1100101 1110011 1110011 1101001
1101111 1101110 1100001 1101100 1110011 101110
100000 1001011 1100101 1100101 1110000 100000
1110101 1110000 100000 1110100 1101000 1100101
100000 1100111 1101111 1101111 1100100 100000
1101010 1101111 1100010 100001 100000 1010100
1101000 1100001 1101110 1101011 100000 1111001
1101111 1110101 100000 1110110 1100101 1110010
1111001 100000 1101101 1110101 1100011 1101000
100001